379000014060010070080009005435007000090040020000800436900700080040080050850000249
379526814564318972281479365435267198698143527712895436923754681146982753857631249
070000810000318902281470005400060000690103027000090006900054681106982000057000040
379526814564318972281479365435267198698143527712895436923754681146982753857631249
000020010504018972080409005000000108690103027702000000900704080146980703050030000
379526814564318972281479365435267198698143527712895436923754681146982753857631249
080002160000076200605008000006001038040030090850600700000700309002460000037100050
789542163314976285625318974976251438241837596853694721168725349592463817437189652
009002060004000200020318970076050400240030096003090720068725040002000800030100600
789542163314976285625318974976251438241837596853694721168725349592463817437189652
089002063004076205000308904000200408200030006803004000108705000502460800430100650
789542163314976285625318974976251438241837596853694721168725349592463817437189652
780502060000070005020310970900251430041807590053694001068025040500060000030109052
789542163314976285625318974976251438241837596853694721168725349592463817437189652
080540160000900205620300070900050038040807090850090001060005049502003000037089050
789542163314976285625318974976251438241837596853694721168725349592463817437189652
062100480403080097009070120500090070200804009090020001075030800120040905084005710
762159483413682597859473126541396278237814659698527341975231864126748935384965712
062050403003602507000400006500096200030804050008520001900001000106708900304060710
762159483413682597859473126541396278237814659698527341975231864126748935384965712
700150000003002097800470126500390200030010050008027001975031004120700900000065002
762159483413682597859473126541396278237814659698527341975231864126748935384965712
002009483000680000800403100540090078030804050690020041005201004000048000384900700
762159483413682597859473126541396278237814659698527341975231864126748935384965712
904000000500430178370106024600070430047000890031090007780503019495061003000000502
914728365526439178378156924659872431247315896831694257782543619495261783163987542
014008360006030108078100904000802031047315890830604000702003610405060700063900540
914728365526439178378156924659872431247315896831694257782543619495261783163987542
014708300000039170370006004009002031040000090830600200700500019095260000003907540
914728365526439178378156924659872431247315896831694257782543619495261783163987542
028900701500600800300010029080001030060709010040300090790050004006003002802006170
628934751519627843374518629985261437263749518147385296791852364456173982832496175
600904750509620000300508020000001430060709010047300000090802004000073902032406005
628934751519627843374518629985261437263749518147385296791852364456173982832496175
620904700009607803000500009000001030260749018040300000700002000406103900002406075
628934751519627843374518629985261437263749518147385296791852364456173982832496175
900305040020000308030042170041006000095103460000400210013970020802000090070504001
987315642124769358536842179741256983295183467368497215413978526852631794679524831
000005000100060358530042009701000080295080467060000205400970026852030004000500000
987315642124769358536842179741256983295183467368497215413978526852631794679524831
080305640000700050500842100701000900290000067008000205003978006050001000079504030
987315642124769358536842179741256983295183467368497215413978526852631794679524831
000005040104700308036002009001006983000103000368400200400900520802001704070500000
987315642124769358536842179741256983295183467368497215413978526852631794679524831
003801000078060010604007902041293570000000000052416890405600108080040260000302700
593821647278964315614537982841293576936758421752416893425679138387145269169382754
093000607270904300000000002001093070006758400050410800400000000007105069109000750
593821647278964315614537982841293576936758421752416893425679138387145269169382754
590820600200004300014507900800290000906708401000016003005609130007100009009082054
593821647278964315614537982841293576936758421752416893425679138387145269169382754
000820040200904310010500980801000076006758400750000803025009030087105009060082000
593821647278964315614537982841293576936758421752416893425679138387145269169382754
074050200905024000030700050219530000008070300000062891090005010000340906007090540
174953268965824137832716459219538674648179325753462891496285713521347986387691542
000900060960024130832010400000008604640000025703400000006080713021340086080001000
174953268965824137832716459219538674648179325753462891496285713521347986387691542
000950200065000107800706409210000600600179005003000091406205003501000980007091000
174953268965824137832716459219538674648179325753462891496285713521347986387691542
106905032905006700080170500030001405860050019201400060007064050008300604640509103
176945832925836741483172596739621485864753219251498367317264958598317624642589173
100005830905806701080102006000021400004000200001490000300204050508307604042500003
176945832925836741483172596739621485864753219251498367317264958598317624642589173
106900000905000740080170500009001080064753210050400300007064050098000604000009103
176945832925836741483172596739621485864753219251498367317264958598317624642589173
070940000905000041083170500730020405804703209201090067007064950590000604000089070
176945832925836741483172596739621485864753219251498367317264958598317624642589173
003690000015780004706025900000800095541906782390007000007140609100069820000078100
423691578915783264786425931672814395541936782398257416837142659154369827269578143
023000500915780000080420030002800005540906082300007400030042050000069827009000140
423691578915783264786425931672814395541936782398257416837142659154369827269578143
420600508000703264700000900000004300541000782008200000007000009154309000209008043
423691578915783264786425931672814395541936782398257416837142659154369827269578143
003001008905783004080420000072810300500000002008057410000042050100369807200500100
423691578915783264786425931672814395541936782398257416837142659154369827269578143
206703050500060200008100430700080310340506082082090005053009100001070003090801504
216743958534968271978152436765284319349516782182397645853429167421675893697831524
200740958500900001970050400000284319040000080182397000003020067400005003697031004
216743958534968271978152436765284319349516782182397645853429167421675893697831524
010743008030008071008000036705200000040010080000007605850000100420600090600831020
216743958534968271978152436765284319349516782182397645853429167421675893697831524
006003900004060270070100430000080309049506780102090000053009060021070800007800500
216743958534968271978152436765284319349516782182397645853429167421675893697831524
502600900340709005090000800680001040100456008020800051004000080200308097007005206
512683974348729165796514832685231749179456328423897651964172583251368497837945216
512603070008000000096004802600030040000000000020090001904100580000000400030905216
512683974348729165796514832685231749179456328423897651964172583251368497837945216
502600974308009005706000000005201009009000300400807600000000503200300407837005206
512683974348729165796514832685231749179456328423897651964172583251368497837945216
500920140000070600841030000000602398000000000389107000000060427006010000073089006
567928143932471685841536972715642398624893751389157264198365427256714839473289516
507908140030401005801030000000600090024803750080007000000060407200704030073209506
567928143932471685841536972715642398624893751389157264198365427256714839473289516
007928043000001680000500970000602390004803700089107000098005000056700000470289500
567928143932471685841536972715642398624893751389157264198365427256714839473289516
500020040030471080800530000700000390624803751089000004000065007050714030070080006
567928143932471685841536972715642398624893751389157264198365427256714839473289516
567020043930070600801500072700642008020803050300157004190005407006010039470080516
567928143932471685841536972715642398624893751389157264198365427256714839473289516
000009178200861005980004206574090300100000009009030724608500093700413002342900000
456329178237861945981754236574298361123647859869135724618572493795413682342986517
056309100200001945001004030570090061000000000860030024010500400795400002002906510
456329178237861945981754236574298361123647859869135724618572493795413682342986517
056029070207060900901700030000200001020040050800005000010002403005010602040980510
456329178237861945981754236574298361123647859869135724618572493795413682342986517
456020000030001900000750230574000300003000800009000724018072000005400080000080517
456329178237861945981754236574298361123647859869135724618572493795413682342986517
406300000200060945001054200500208361023607850869105004008570400795010002000006507
456329178237861945981754236574298361123647859869135724618572493795413682342986517
600000001009300047000942603060003800928000435005200060704821000350009100800000004
643758291289316547571942683467593812928167435135284769794821356356479128812635974
003750001000306007500900083060590802908000405105084060790001006300409000800035900
643758291289316547571942683467593812928167435135284769794821356356479128812635974
603700200280000500070940600400590810900060005035084009004021050006000028002005904
643758291289316547571942683467593812928167435135284769794821356356479128812635974
000000207000842300043709860730400009000975000100003024069207410008364000402000000
981536247657842391243719865736421589824975136195683724369257418518364972472198653
081006007007840390000700805700020500824000136005080004309007000018064900400100650
981536247657842391243719865736421589824975136195683724369257418518364972472198653
001506200050042090003710800706020500020000030005080704009057400010360070002108600
981536247657842391243719865736421589824975136195683724369257418518364972472198653
901506007607040301240700065030420509000000000105083020360007018508060902400108603
981536247657842391243719865736421589824975136195683724369257418518364972472198653
001536047600040001200010800000400589804975106195003000009050008500060002470198600
981536247657842391243719865736421589824975136195683724369257418518364972472198653
900853004000462300230070005680000031507901602310000049800090013001328000400615008
976853124158462397234179865689247531547931682312586749865794213791328456423615978
076850020108400000034170005080000531507901602312000040800094210000008406020015970
976853124158462397234179865689247531547931682312586749865794213791328456423615978
076800024100460300204000065080047000507901602000580040860000203001028006420005970
976853124158462397234179865689247531547931682312586749865794213791328456423615978
076050020008402300234179060000240531000000000312086000060794213001308400020010970
976853124158462397234179865689247531547931682312586749865794213791328456423615978
006850120050002307034170805000200000047000680000006000805094210701300050023015900
976853124158462397234179865689247531547931682312586749865794213791328456423615978
900147002100020790082090005027000060000802000040000320200030680016080003300761009
965147832134528796782693415527314968693872154841956327279435681416289573358761249
065100030100028796080600000020310900093802150001056020000005080416280003050001240
965147832134528796782693415527314968693872154841956327279435681416289573358761249
005100800030028096002690005000014060603802104040950000200035600410280070008001200
965147832134528796782693415527314968693872154841956327279435681416289573358761249
960107000034028796700003015020010960090000050041050020270400001416280570000701049
965147832134528796782693415527314968693872154841956327279435681416289573358761249
806090040500740680074010020207630008003102900600078205060020850048067002020080704
836295147512743689974816523257639418483152976691478235769324851148567392325981764
830200047510000080000806023207630000480000076000078205760304000040000092320001064
836295147512743689974816523257639418483152976691478235769324851148567392325981764
000005047500703009074810003000600010080102070090008000700024850100507002320900000
836295147512743689974816523257639418483152976691478235769324851148567392325981764
000005100500740600070816500257009400080050070001400235009324050008067002005900000
836295147512743689974816523257639418483152976691478235769324851148567392325981764
030005100002700680000810020057030410083102970091070230060024000048007300005900060
836295147512743689974816523257639418483152976691478235769324851148567392325981764
040075900901083540007460800630051094000000000510930082005014200028390405006520010
843175926961283547257469831632851794789642153514937682395714268128396475476528319
840100026901000500000460001002851704009602100504937600300014000008000405470008019
843175926961283547257469831632851794789642153514937682395714268128396475476528319
003100000901083000257460800602000090780000053010000602005014268000390405000008300
843175926961283547257469831632851794789642153514937682395714268128396475476528319
740000060000368050060070390031850079000903000290047530016030020080529000050000047
743295168129368754865471392631852479574913286298647531916734825487529613352186947
740290100109008750000400092000052009074000280200640000910004000087500603002086047
743295168129368754865471392631852479574913286298647531916734825487529613352186947
003200100100368050060001002601002070070913080090600501900700020080529003002006900
743295168129368754865471392631852479574913286298647531916734825487529613352186947
040200168009368700060000002031050400570010086008040530900000020007529600352006040
743295168129368754865471392631852479574913286298647531916734825487529613352186947
006002000021050300480003602040500201090631070807009060502900037004060120000700900
356892714721456389489173652643587291295631478817249563562914837974368125138725946
006890704000000089400170650000500001205601408800009000062014007970000000108025900
356892714721456389489173652643587291295631478817249563562914837974368125138725946
356002010701056300000000000640507291095000470817209063000000000004360105030700946
356892714721456389489173652643587291295631478817249563562914837974368125138725946
300890700721406380080100002640580000090030070000049063500004030074308125008025006
356892714721456389489173652643587291295631478817249563562914837974368125138725946
180036000400000350060047812201900080500000001040001603712390060098000005000680079
185236947427819356963547812271963584536428791849751623712395468698174235354682179
100236900000000350060540800001960004500000001800051600002095060098000000004682009
185236947427819356963547812271963584536428791849751623712395468698174235354682179
100036047020000306000540800001003584006408700849700600002095000608000030350680009
185236947427819356963547812271963584536428791849751623712395468698174235354682179
000230040000009000963540802200003580036408790049700003702095468000100000050082000
185236947427819356963547812271963584536428791849751623712395468698174235354682179
005200007000009350903540012000963504530000091809751000710095408098100000300002100
185236947427819356963547812271963584536428791849751623712395468698174235354682179
700000250850007030004802007010970682040020010286031040600209800020700063079000004
791463258852197436364852197513974682947628315286531749635249871428715963179386524
091003050802000000004850107500900680007608300086001009605049800000000903070300520
791463258852197436364852197513974682947628315286531749635249871428715963179386524
001400058802100006004052107500074000047608310000530009605240800400005903170006500
791463258852197436364852197513974682947628315286531749635249871428715963179386524
090460008852097030000002097010900682047000310286001040630200000020710963100086020
791463258852197436364852197513974682947628315286531749635249871428715963179386524
091403058000090406060800107000974082007000300280531000605009070408010000170306520
791463258852197436364852197513974682947628315286531749635249871428715963179386524
872000030006003002040106970000000786000261000463000000087409010100600800020000467
872945631916783542345126978291534786758261394463897125687459213134672859529318467
802905030906003002340026000001030786758000394463090100000450013100600809020308407
872945631916783542345126978291534786758261394463897125687459213134672859529318467
072000000916080000345020070090504086008201300460807020080050213000070859000000460
872945631916783542345126978291534786758261394463897125687459213134672859529318467
000079065000003002005060093340050106000000000608020059950010600700600000820390000
183279465469583712275461893342958176597136284618724359954812637731645928826397541
